4.41 0
 5.34 0
 6.26 0
 7.19 0
 8.11 0
 9.04 0
 9.96 0
 10.89 0
 11.81 0
 12.74 0
 13.66 0
 14.59 0
 15.51 0
 16.43 0
 17.34 0
 18.26 0
 19.18 0
 20.10 0
 21.01 0
 21.93 0
 22.85 0
 23.77 0
 24.68 0
 25.60 0
 26.51 0

 27.43 0
 28.34 0
 29.26 0
 30.17 0
 31.09 0
 32.00 0
 32.92 0
 33.83 0
 34.75 0
 35.66 98
 36.58 99
 37.50 100
 38.42 102
 39.34 103
 40.26 105
 41.18 106
 42.10 108
 43.01 109
 43.93 111
 44.85 113
 45.77 115
 46.69 117
 47.61 119
 48.52 121
 49.44 124
 50.36 126
 51.27 129
 52.19 131
 53.11 134
 54.03 137
 54.95 140
 55.87 143
 56.78 146
 57.70 150
 58.62 154
 59.54 157
 60.46 162
 61.37 166
 62.29 170
 154.93 2208
 155.85 2188
 156.77 2174
 157.69 2152
 158.61 2131
 159.52 2109
 160.43 2087
 161.34 2078
 162.25 2067
 163.16 2049
 164.07 2036
 164.98 2030

 165.89 2018
 166.80 2005
 167.71 1998
 168.62 1986
 169.47 1980
 170.39 1969
 171.30 1966
 172.22 1957
 173.14 1953
 174.06 1949
 174.97 1944
 175.89 1942
 176.81 1934
 177.73 1929
 178.64 1928
 179.56 1925
 180.46 1922
 181.38 1923
 182.29 1921
 183.21 1918
 184.13 1925
 185.05 1868
 185.96 1896
 186.88 1891
 213.72 210
 214.63 204
 215.55 199
 216.47 194
 217.40 189
 218.32 185
 219.24 181
 220.15 177
 221.07 174
 221.99 170

 222.91 167
 223.83 164
 224.75 161
 225.66 159
 226.58 156
 227.50 153
 228.42 151
 229.34 149
 230.27 147
 231.19 145
 232.12 142
 233.04 141
 233.97 139
 234.89 0
 235.82 136
 236.74 134
 237.67 133
 238.59 132
 331.53 0
 332.45 0
 333.37 0
 334.29 0
 335.21 0
 336.12 0
 337.04 0
 337.96 0
 338.88 0
 339.81 0
 340.75 0
 341.68 0
 342.62 0
 343.55 0
 344.49 0
 345.42 0
 346.36 0
 347.29 0
 348.23 0
 349.16 0
 350.15 0
 351.07 0
 351.98 0
 352.90 0
 353.82 0
 354.73 0
 355.65 0
 356.56 0
 357.48 0
 358.40 0
 359.31 0
 0.23 0
 1.17 0
 2.09 0
 3.01 0
 3.93 0
 4.85 0
 5.77 0
 6.68 0
 7.60 0
 8.52 0
 9.44 0
 10.36 0
 11.28 0
 12.20 0
 13.13 0
 14.05 0
 14.98 0
 15.91 0
 16.83 0
 17.76 0
 18.68 0
 19.61 0
 20.54 0
 21.46 0
 22.39 0
 23.31 0
 24.24 0
 25.17 0
 26.09 0
 27.02 0
 27.95 0
 28.88 0
 29.81 0
 30.74 0
 31.66 0
 32.59 0
 33.52 0
 34.44 0
 35.36 97
 36.27 99
 37.19 100
 61.69 167
 62.61 172
 63.53 177
 64.45 182
 65.37 187
 66.28 193
 67.20 200
 68.12 206
 69.03 213
 69.95 221
 70.87 229
 71.79 238
 72.71 248
 73.63 259
 166.15 2014
 167.06 2001
 76.39 297
 77.31 312
 169.80 1978
 170.71 1971
 171.62 1962
 172.53 1953
 173.45 1954
 174.36 1948
 175.27 1941
 176.18 1934
 177.10 1932
 178.01 1931
 178.98 1928
 179.90 1924
 180.81 1923
 181.73 1923
 182.65 1923
 183.57 1920
 184.48 1920
 185.40 1894
 186.32 1893
 187.24 1823
 188.15 1582
 189.07 1300
 189.98 1064
 190.90 906
 191.83 790
 192.75 702
 193.67 632
 194.59 576
 195.52 529
 196.44 489
 197.36 454
 198.28 425
 199.21 399
 200.13 377
 201.05 355
 201.97 337
 202.89 321
 203.81 307
 204.73 293
 205.65 281
 206.58 270
 207.50 260
 208.42 251
 209.34 243
 210.26 234
 211.18 227
 212.10 220
 213.02 115
 305.66 112
 306.58 109
 307.51 107
 308.43 105
 309.36 102
 310.28 100

 311.19 99
 312.10 0
 313.02 0
 313.93 0
 314.85 0
 315.76 0
 316.68 0
 317.59 0
 318.51 0
 319.42 0
 320.34 0
 321.25 0
 322.16 0
 323.08 0
 324.00 0
 324.91 0
 325.83 0
 326.75 0
 327.67 0
 328.59 0
 329.51 0
 330.42 0
 331.34 0
 332.26 0
 333.17 0
 334.09 0
 335.02 0
 335.94 0
 359.75 0
 0.67 0
 1.58 0
 2.50 0
 3.42 0
 4.34 0
 5.25 0
 6.17 0
 7.09 0
 8.01 0
 8.93 0
 9.86 0
 10.78 0
 11.70 0
 12.62 0
 13.54 0
 14.46 0
 15.39 0
 16.31 0
 17.23 0
 18.15 0
 19.07 0
 19.98 0
 20.90 0
 21.82 0
 22.73 0
 23.65 0
 24.56 0
 25.48 0
 26.40 0
 27.31 0
 28.23 0
 29.15 0
 30.07 0
 30.98 0
 31.90 0
 32.82 0
 33.73 0
 34.65 0
 35.56 98
 36.48 99
 37.40 100
 38.31 101
 39.23 103
 40.14 104
 41.06 106
 41.98 108
 42.90 109
 43.82 111
 44.74 113
 45.65 115
 138.20 2508
 47.49 119
 48.41 121
 49.33 123

 141.86 2599
 142.78 2563
 143.70 2527
 144.62 2493
 145.54 2466
 146.46 2432
 147.37 2405
 148.29 2377
 149.21 2351
 150.13 2314
 151.04 2293
 151.95 2278
 152.86 2255
 153.77 2236
 154.68 2217
 155.59 2192
 156.50 2173
 157.41 2152
 158.32 2129
 159.23 2108
 160.14 2091
 160.99 2084
 161.90 2070
 162.81 2057
 163.73 2040
 164.64 2032
 165.55 2021
 166.46 2005
 167.37 1996
 168.28 1988
 169.20 1982
 170.11 1974
 171.02 1964
 171.93 1961
 172.85 1955
 173.77 1949
 174.70 1945
 175.62 1941

 176.54 1932
 177.46 1933
 178.38 1931
 179.30 1927
 180.23 1924
 181.15 1928
 182.07 1921
 206.30 274
 207.22 263
 208.13 254
 209.05 245
 209.97 237
 210.88 230
 211.80 223
 212.71 216
 213.63 210
 214.55 205
 215.46 199
 216.38 195
 217.29 190
 218.21 185
 310.99 99
 311.91 0
 312.82 0
 313.74 0
 314.65 0
 315.57 0
 316.48 0
 317.41 0
 318.33 0
 319.26 0
 320.19 0
 321.12 0
 322.04 0
 322.97 0

 323.90 0
 324.83 0
 325.75 0
 326.68 0
 327.60 0
 328.52 0
 329.43 0
 330.35 0
 331.26 0
 332.18 0
 333.09 0
 334.01 0
 334.92 0
 335.84 0
 336.75 0
 337.67 0
 338.59 0
 339.52 0
 340.44 0
 341.37 0
 342.29 0
 343.22 0
 344.14 0
 345.07 0
 345.99 0
 346.92 0
 347.84 0
 348.77 0
 349.68 0
 350.60 0
 351.51 0
 352.43 0
 353.35 0
 354.27 0
 355.18 0
 356.10 0
 357.02 0
 357.94 0
 358.85 0
 359.77 0
 0.68 0
 1.61 0
 2.53 0
 3.46 0
 4.39 0
 5.32 0
 6.24 0
 7.17 0
 8.10 0
 9.03 0
 9.95 0
 10.88 0
 11.80 0
 12.73 0
 13.65 0
 14.58 1948
 107.64 1954
 108.56 1962
 109.47 1957
 110.39 1978
 111.33 1986
 112.24 1994
 113.15 2009
 114.06 2018
 114.97 2031
 115.88 2046
 116.78 2056
 117.69 2071
 118.60 2087
 119.51 2104
 120.42 2113
 121.33 2135
 144.54 2498
 145.46 2466
 146.37 2435
 147.29 2406
 148.21 2371
 149.12 2356
 150.04 2310

 150.95 2285
 151.87 2280
 152.79 2254
 153.70 2231
 154.62 2216
 155.54 2194
 156.45 2167
 157.37 2146
 158.28 2128
 159.19 2106
 160.10 2094
 161.02 2083
 161.93 2069
 162.84 2054
 163.75 2043
 164.67 2033
 165.58 2017
 166.49 2008
 167.40 1995
 168.32 1990
 169.23 1982
 170.14 1972
 171.06 1965
 171.97 1961
 172.89 1957
 173.80 1950
 174.71 1944
 175.63 1939
 176.54 1933
 177.46 1932
 178.38 1927
 179.30 1928
 180.23 1924
 181.15 1927
 182.07 117
 274.97 117
 275.89 117
 184.83 1894
 185.76 118
 278.65 118
 279.56 119
 280.47 119
 281.38 120
 282.30 119
 283.21 121
 284.12 117
 285.03 117
 285.95 118
 286.86 118
 287.77 119
 288.69 120
 289.60 120
 290.52 121
 291.44 122
 292.36 123
 293.27 124
 294.19 125
 295.11 126
 296.03 128
 296.94 125
 297.86 140
 298.79 139
 299.71 134
 300.64 130
 301.56 126
 302.48 123
 303.40 119
 304.33 116
 305.25 113
 306.17 111
 307.09 108
 308.02 106
 308.94 103
 309.85 101
 310.77 99
 311.68 0
 312.60 0
 313.52 0
 314.43 0
 315.35 0
 316.26 0
 317.18 0
 318.10 0
 319.01 0
 319.93 0
 320.85 0
 321.77 0
 322.69 0
 323.60 0
 324.52 147
 57.79 150
 58.72 154
 59.64 158
 350.86 0
 351.78 0
 352.69 0
 353.60 0
 354.51 0
 355.42 0
 356.33 0
 357.25 0
 358.16 0
 359.07 0
 359.98 0
 0.89 0
 1.80 0
 2.72 0
 3.63 0
 4.54 0
 5.45 0
 6.37 1908
 99.22 1911
 100.14 1912
 101.06 1917
 101.98 1922
 102.90 1927
 103.82 1929
 104.73 1934
 105.64 1937
 106.55 1946
 107.45 1951
 108.36 1960

 109.27 1961
 110.18 1963
 111.09 1985
 112.00 1990
 112.90 2006
 113.81 2020
 114.72 2029
 115.54 2045
 116.46 2051
 117.37 2071
 118.29 2080
 119.21 2096
 120.12 2111
 121.04 2125
 121.95 2144
 122.87 127
 123.79 129
 124.70 1058
 125.62 1051
 126.53 1046
 127.45 1043
 128.36 1043
 129.28 1047
 130.19 1054
 131.11 1065
 132.02 1083
 132.94 1119
 133.85 2463
 134.77 2497
 135.68 2536
 136.60 2507
 137.51 2504
 138.43 2655
 139.34 2475
 140.26 142
 233.04 141
 233.97 139
 234.89 137
 235.81 136
 236.72 134
 237.64 133
 238.56 132
 239.48 131
 240.40 129
 241.32 128
 242.23 127
 243.15 126
 244.07 125
 244.99 124
 245.91 123
 246.83 123
 247.75 122
 248.68 121
 249.60 121
 250.53 120
 251.46 119
 252.38 119
 253.31 118
 254.23 118
 255.16 118
 256.09 117
 257.01 117
 257.94 117
 258.87 116
 259.80 116
 260.72 116
 261.65 116
 262.58 116
 263.51 115
 264.43 116
 265.36 116
 290.17 121
 291.08 122
 291.99 123
 292.90 123
 293.82 124
 294.73 125
 295.65 126
 296.56 130
 297.47 138
 298.38 140
 299.30 136
 300.21 132
 301.12 128

 302.03 124
 302.95 121
 303.86 118
 304.92 114
 305.83 112
 306.75 109
 307.66 107
 308.57 104
 309.48 102
 310.40 100
 311.31 0
 312.22 0
 313.13 0
 314.05 0
 314.96 0
 315.88 0
 316.80 0
 317.73 124
 50.43 126
 51.35 129
 52.27 131
 53.19 134
 54.11 137
 55.03 140
 55.95 143
 56.87 147
 57.78 150
 58.70 154
 59.62 158
 60.54 162
 61.46 167
 62.38 171
 63.29 176
 64.21 181
 65.13 186
 66.04 192
 66.96 198
 67.88 205
 68.79 212
 69.71 219
 70.63 227
 71.55 236
 72.47 246
 73.39 256
 74.30 267
 75.22 280
 76.14 294
 77.06 308
 77.98 325
 78.90 343
 79.81 364
 80.73 388
 81.65 415
 82.57 443
 83.49 489
 84.41 501
 85.32 585
 86.24 647
 87.16 740
 88.07 867
 89.00 1045
 89.94 1300
 90.87 1634
 91.81 1908
 92.74 1905
 93.68 1906
 94.61 1908
 95.55 1906
 96.48 1906
 97.42 1908
 98.35 1906
 99.27 1910
 100.18 1913
 101.10 1919
 193.90 619
 194.83 564
 195.75 518
 196.68 480
 197.61 447
 198.53 418
 199.45 393
 200.37 371
 201.29 350
 202.21 333
 203.13 318
 204.06 303
 204.98 290
 228.88 150
 229.79 148
 230.71 145
 231.62 143
 232.62 142
 233.54 140
 234.45 138
 235.37 137
 236.29 135
 237.20 134
 238.12 132
 239.03 131
 239.95 130
 240.87 129
 241.78 128
 242.70 127
 243.62 126
 244.54 125
 245.46 124
 246.38 123
 247.30 122
 248.22 122
 249.15 121
 250.07 120
 250.99 120
 251.91 119
 252.83 119
 253.75 118
 254.66 118
 255.58 117
 256.50 117
 257.42 117
 258.34 117
 259.26 116
 260.18 116
 261.10 116
 262.02 116
 262.94 116
 263.86 116
 264.78 116
 265.70 115
 266.62 115
 267.54 116
 268.46 116
 269.38 116
 270.30 116
 271.23 116
 272.15 116
 273.07 116
 273.99 117
 274.91 117
 275.83 117
 276.75 118
 9.67 0
 10.61 0
 11.54 0
 12.47 0
 13.40 0
 14.33 0
 15.26 0
 16.19 0
 17.12 0
 18.05 0
 18.97 0
 19.90 0
 20.83 0
 21.76 0
 22.69 0
 23.62 0
 24.54 0
 25.47 0
 26.40 0
 27.31 0
 28.23 0
 29.15 0
 30.07 0
 30.99 0
 31.91 0
 32.84 0
 33.76 0
 34.68 0
 35.60 98
 36.52 99
 37.44 100
 38.37 102
 39.29 103
 40.22 105
 41.14 106
 42.06 108
 42.98 109
 43.91 111
 44.83 113
 45.75 115
 46.67 117
 47.60 119
 48.52 121
 49.44 124
 50.36 126
 51.29 129
 52.21 131
 76.12 293
 77.03 308
 77.95 324
 78.86 342
 79.77 363
 80.68 385
 81.60 412
 82.51 441
 83.43 488
 84.34 495
 85.26 536
 86.17 635
 87.08 722
 87.99 840
 88.91 1006
 89.82 1240
 90.73 1554
 91.64 1895
 92.56 1907
 93.47 1904
 94.38 1904
 95.31 1904
 96.23 1910
 97.16 1906
 98.09 1909
 99.02 1915
 99.94 1912
 100.87 1916
 101.80 1923
 102.73 1926
 103.65 1931
 104.58 1931
 105.50 464
 198.01 433
 198.93 406
 199.86 382
 200.79 361
 201.72 342
 202.64 325
 203.57 310
 204.49 297
 205.40 285
 206.32 274
 207.23 263
 208.15 254
 209.06 245
 209.98 237
 210.89 230
 211.81 223
 212.72 216
 213.64 210
 214.55 205
 215.47 199
 216.39 195
 217.30 190
 218.22 186
 219.14 181
 220.05 178
 220.97 174
 221.88 171
 222.80 167
 223.72 164
 224.63 161
 225.55 159
 226.48 156
 227.40 153
 228.33 151
 229.25 149
 230.17 147
 231.10 145
 232.02 143
 232.95 141
 233.87 139
 234.79 138
 235.72 136
 236.64 135
 237.55 133
 238.47 132
 239.39 131
 240.32 130
 241.24 128
 242.16 0
 335.11 0
 336.03 0
 244.92 124
 245.85 123
 338.78 0
 339.70 0
 340.62 0
 341.54 0
 342.45 0
 343.37 0
 344.29 0
 345.21 0
 346.13 0
 347.05 0
 347.97 0
 348.89 0
 349.81 0
 350.72 0
 282.59 120
 15.36 0
 16.28 0
 17.21 0
 18.13 0
 19.05 0
 19.98 0
 20.90 0
 21.82 0
 22.74 0
 23.66 0
 24.58 0
 25.50 0
 26.42 0
 27.35 0
 28.27 0
 29.19 0
 30.11 0
 31.03 0
 31.95 0
 32.87 0
 33.79 0
 34.71 0
 35.63 98
 36.55 99
 37.47 100
 38.38 102
 39.30 103
 40.22 105
 41.14 106
 42.06 108
 42.98 110
 43.88 111
 44.80 113
 45.72 115
 46.64 117
 47.56 119
 48.48 121
 49.39 124
 50.31 126
 51.23 128
 52.15 131
 53.07 134
 53.99 137
 54.92 140
 55.84 143
 56.76 146
 57.68 150
 58.60 154
 59.52 157

 60.44 162
 61.36 166
 62.28 170
 63.20 175
 64.12 180
 65.04 186
 65.96 191
 66.88 198
 67.81 204
 68.73 211
 69.65 219
 70.57 227
 71.50 2046
 164.24 2035
 73.34 255
 74.26 266
 75.19 2004
 167.91 1993
 168.82 1985
 169.74 1978
 170.65 1966
 171.57 1959
 172.48 1955
 173.40 1951
 174.31 1947
 175.23 1942
 176.15 1938
 177.07 1934
 178.00 1929
 178.92 1928
 179.84 1928
 180.76 1920
 181.69 1921
 182.61 1925
 183.53 1923
 184.45 1914
 185.38 1892
 186.30 1892
 187.22 1825
 188.14 1581
 189.07 1301
 189.99 1062
 190.92 903
 191.84 787
 192.77 700
 193.69 631
 194.62 573
 195.54 528
 196.47 488
 197.39 453
 220.88 174
 221.80 171
 222.71 168
 223.63 165
 224.55 162
 225.46 159
 226.38 156
 227.29 154
 228.21 152
 229.13 149
 230.04 147
 230.96 145
 231.87 143
 232.79 141
 233.70 140
 234.62 138
 235.53 136
 236.45 135
 237.36 133
 238.28 132
 239.19 131
 240.11 130
 241.02 129
 241.94 127
 242.85 127
 243.77 126
 244.70 125
 337.53 0
 338.45 0
 339.37 0
 340.30 0
 341.22 0
 342.14 0
 343.06 0
 343.98 0
 344.90 0
 345.82 0
 346.74 0
 347.67 0
 348.59 0
 349.51 0
 350.43 0
 351.35 0
 352.27 0
 353.19 0
 354.11 0
 355.04 0
 355.96 0
 356.88 0
 357.80 0
 358.73 0
 359.65 0
 0.57 0
 1.49 0
 2.42 0
 3.34 0
 4.26 0
 5.19 0
 6.12 0
 7.05 0
 7.98 0
 8.91 0
 9.83 0
 10.76 0
 11.69 0
 12.62 0
 13.55 0
 14.48 0
 15.40 0
 16.32 0
 17.25 0
 18.17 0
 19.09 0
 20.02 0
 20.94 0
 21.87 0
 22.79 0
 23.71 0
 24.64 0
 25.56 0
 26.49 0
 27.41 0
 28.33 0
 29.25 0
 30.17 0
 31.09 0
 32.02 0
 32.94 0
 33.86 0
 34.78 96
 35.70 98
 36.62 99
 37.54 100
 38.46 102
 39.39 103
 40.31 105
 41.24 106
 42.16 108
 43.09 2504
 135.95 2526