 132.91 215
 133.82 211
 134.74 203
 135.65 206
 136.55 200
 137.47 197
 138.38 194
 139.30 191
 140.22 188
 141.14 185
 142.05 183
 142.97 180
 143.89 178
 144.81 176
 145.72 174
 146.64 172
 147.55 170
 148.47 168
 149.38 166
 150.30 165
 151.21 163
 152.13 162
 153.04 161
 153.96 159
 154.87 158
 155.79 157
 156.70 156
 157.62 155
 158.54 154
 159.45 0
 252.12 0
 253.05 0
 253.97 0
 254.89 0
 255.82 0
 256.74 0
 257.66 0
 258.58 0
 259.49 0
 260.41 0
 261.32 0
 262.24 0
 263.15 0
 264.07 0
 264.98 0

 269.55 0
 270.47 0
 271.38 0
 272.29 0
 273.20
 269.55 0
 270.47 0
 271.38 0
 272.29 0
 273.20 0
 274.12 0
 275.03 0
 275.94 0
 276.85 0
 277.77 0
 278.68 0
 279.60 0
 280.51 0
 281.43 0
 282.34 0
 283.26 0
 284.17 0
 285.09 0
 286.00 0
 286.92 0
 287.83 0
 288.75 0
 289.66 0
 290.57 0

 291.49 0
 292.40 98
 293.32 99
 294.24 100
 295.16 101
 296.07 102
 296.99 103
 297.91 104
 298.83 105
 299.74 106
 300.66 107
 301.57 108
 302.49 109
 303.41 111
 304.33 112
 305.25 113
 306.17 2227
 39.17 2249
 40.09 2273
 308.94 119
 309.86 2326
 42.86 1424
 43.78 1406
 44.70 1397
 45.63 1393
 46.55 1396
 47.48 1402
 340.81 256
 341.73 265
 342.65 2063
 75.65 2053
 344.49 300
 345.42 314
 346.34 2019
 79.35 2013
 80.27 2001
 81.20 1995
 82.12 1985
 83.05 1978
 83.97 1970
 84.89 1966
 85.82 1957
 86.74 1952
 87.66 1949
 88.58 1946
 89.50 1943
 90.42 1946
 91.34 1934
 92.26 1937
 93.19 1940
 94.11 1935
 95.03 1936
 95.95 1933
 96.87 1929

 97.79 1930
 98.71 1922
 99.62 2106
 100.53 1522

 101.44 1296
 102.35 1103
 103.26 967
 104.17 864
 105.08 780
 105.99 712
 106.90 654
 107.81 605
 108.72 564
 109.64 528
 110.55 496
 111.46 468
 112.37 445
 113.28 421
 114.19 402
 115.10 384
 116.01 367
 116.92 351
 117.83 338
 118.74 326
 119.65 314
 120.57 304
 121.49 294
 122.41 285
 123.32 149
 216.06 145
 216.97 142
 217.89 138
 218.81 135
 219.73 132
 220.65 129
 221.56 126
 222.48 124
 223.40 122
 224.32 119
 225.23 117
 226.15 115
 227.07 114
 227.99 112
 228.90 110
 229.82 109
 230.73 107
 231.65 106
 232.57 104
 233.49 103
 234.41 102
 235.33 101
 236.26 100
 237.18 99
 238.10 0

 239.02 0
 239.94 0
 240.86 0
 241.77 0
 242.70 0
 243.62 0
 244.55 0
 245.47 0
 246.40 0
 247.32 0
 248.25 0
 249.17 0
 250.10 0
 251.02 0
 251.95 0
 252.87 0
 253.79 0
 254.72 0
 255.64 0
 279.31 0
 280.23 0
 281.14 0
 282.06 0
 282.97 0
 283.88 0
 284.80 0
 285.71 0
 286.60 0
 287.52 0
 288.43 0
 289.35 0
 290.27 0
 291.18 97
 292.10 98
 293.01 99
 293.93 100
 294.85 101
 295.76 102
 296.68 102
 297.59 103
 298.52 105
 299.45 106
 300.38 107
 301.31 108
 302.24 109
 303.18 110
 36.19 2172
 305.04 113
 305.97 114
 306.90 116

 39.88 2267
 40.81 2289
 41.73 2317
 42.66 1430
 43.58 1409
 44.51 1398
 45.43 1394
 46.36 1394
 47.28 1400
 48.20 1415
 49.12 1438
 50.05 0
 50.97 2660
 51.89 2657
 52.81 2624
 53.74 2581
 54.66 2549
 55.58 2513
 56.50 2482
 57.43 2450
 58.35 2424
 59.27 2389
 60.19 2366
 61.11 1557
 62.02 1481
 62.94 1463
 63.86 1472
 64.78 1481
 65.70 1490
 66.62 1501
 67.53 1510
 68.45 1521
 69.37 1556
 70.30 2133
 71.22 2114
 72.14 2102
 73.06 2085
 73.98 2073
 74.90 2060
 75.81 2049
 76.73 2038
 77.65 2027
 78.57 2020
 79.49 2011
 80.41 1996
 81.33 1993
 82.26 1984
 83.18 1980
 84.11 1971
 85.04 144
 178.08 144
 179.00 144
 179.93 144
 88.74 145
 181.76 145
 182.68 145
 183.61 145
 184.53 145
 185.45 146
 186.37 146
 187.29 146
 188.21 147
 189.14 147
 190.06 148
 190.98 148
 191.90 149
 192.83 149
 193.75 150
 194.68 151
 217.69 139
 218.60 136
 219.51 133
 220.42 130
 221.33 127
 222.23 125
 223.14 122
 224.05 120
 224.96 118
 225.88 116
 226.80 114
 227.72 112
 228.64 111
 229.56 109

 230.49 108
 231.41 106
 232.33 105
 233.25 104
 234.17 102
 235.09 101
 236.00 100
 236.91 99
 237.83 0
 238.74 0
 239.66 0
 240.57 0
 241.49 0
 242.40 0
 243.32 0
 244.23 0
 245.15 0
 246.06 0
 246.99 0
 247.91 0
 248.83 0
 249.75 0
 250.67 0
 251.59 0
 252.51 0
 253.43 0
 254.35 0
 255.27 0
 256.19 0
 257.11 0
 258.02 0
 258.94 0
 259.86 0
 260.78 0
 261.70 0
 262.62 0
 263.53 0
 264.45 667
 265.37 0
 266.29 0
 267.21 0
 268.13 0
 0.86 1287
 1.78 1592
 2.70 1865
 3.62 1859
 4.54 1861
 5.46 1864
 6.38 1864
 7.30 1862
 8.29 1863
 9.22 1864
 10.15 1868
 11.07 1873
 12.00 1874
 12.93 1878
 13.86 1880
 14.79 1885
 15.72 1891
 16.64 1893
 17.57 1900
 18.50 1904
 19.43 1914
 20.35 1911
 21.28 1914
 22.20 1933
 23.13 1948
 7.75 2012
 28.68 2026
 29.60 2036
 30.53 2058
 317.75 2012
 28.68 2026
 29.60 2036
 30.53 2058
 31.45 2071
 32.37 2088
 33.29 2109
 34.21 2127
 35.13 2147
 36.04 2168
 36.96 2189
 37.88 2218
 38.80 2235
 39.72 2258
 40.64 2286
 64.88 1483
 65.80 1491
 66.72 1502
 67.64 1511
 68.56 1522
 69.48 1571
 70.41 2127
 71.33 2109
 72.25 2098
 73.17 2084

 74.09 2077
 75.01 2060
 75.94 2046
 76.85 2038
 77.76 2026
 78.66 2019
 79.57 2009
 80.48 1996
 81.39 1990
 173.78 145
 83.21 1979
 84.11 1972
 85.02 1964
 177.46 144
 178.38 144
 179.30 144
 180.23 144

 181.15 145
 182.07 145
 182.99 145
 183.92 145
 184.84 145
 185.74 146
 186.66 146
 187.59 146
 188.51 147
 189.44 147
 190.36 148
 191.29 148
 19.91 150
 196.90 154
 197.82 149
 198.74 149
 199.66 150
 20.91 150
 196.90 154
 197.82 149
 198.74 149
 199.66 150
 200.58 151
 201.50 152
 202.41 153
 203.33 154
 204.25 155
 205.17 156
 206.09 157
 207.01 160
 207.98 0
 208.89 181
 209.80 178
 210.71 173

 211.62 167
 212.53 162
 213.44 157
 214.35 153
 215.26 149
 216.17 145
 217.08 142
 217.99 138
 218.90 135
 219.81 132
 220.73 129
 221.64 126
 222.56 130
 315.49 132
 316.40 134
 317.32 137
 226.22 139
 319.14 141
 320.05 144
 320.97 147
 321.89 149
 322.81 153
 323.72 156
 324.64 159
 325.56 162
 326.48 166
 327.39 170
 328.31 173
 329.23 177
 330.15 182
 331.06 186
 331.98 191
 332.90 196
 333.81 201
 334.73 207
 335.64 213
 336.56 220
 337.48 227
 338.39 234
 339.31 242
 3.88 1859
 4.80 1861
 5.73 1861
 6.65 1859
 7.57 1861
 8.49 1864
 9.42 1868
 10.34 1869
 11.26 1871
 12.18 1875
 13.11 1877
 14.03 1884
 14.96 1885
 15.88 1893
 16.8 1911
 21.42 1916
 22.34 1939
 23.26 1948
 24.19  1911
 21.42 1916
 22.34 1939
 23.26 1948
 24.19 1963
 25.11 1973
 26.02 1986
 26.94 1994
 27.86 22091
 33.37 2113
 34.29 2130
 35.21 21522091
 33.37 2113
 34.29 2130
 35.21 2152
 36.13 2170
 37.05 2189
 37.97 2220
 38.89 2239

 131.84 220
 132.76 216
 133.69 212
 134.61 203
 135.53 206
 136.45 200
 137.37 197
 138.30 194
 139.22 191
 140.14 188
 141.06 185
 141.99 183
 142.91 180
 143.83 178
 144.75 176
 145.68 174
 146.60 172
 147.52 170
 148.44 168
 149.36 167
 150.28 165
 151.20 163
 152.12 162
 153.03 161
 153.95 159
 154.87 158
 155.79 157
 156.71 156
 157.63 155
 158.56 154
 159.48 153
 160.39 152
 161.31 151
 162.22 150
 163.14 149
 164.05 149
 164.97 148
 165.88 148
 166.80 147
 167.71 147
 168.63 146
 169.53 146
 170.45 146
 171.38 145
 172.30 145
 173.23 145
 174.15 145
 175.08 144
 176.00 144
 176.93 144
 177.85 144
 178.78 144

 179.70 145
 180.62 0
 274.61 0
 275.53 0
 276.45 0
 277.37 0
 278.28 0
 279.20 0
 280.12 0
 213.08 159
 214.00 154
 214.91 150
 215.83 146
 216.74 142
 217.65 139
 218.57 136
 311.21 123
 312.13 125
 313.05 127

 313.96 129
 314.88 131
 315.80 133
 316.72 135
 317.63 138
 318.55 140
 319.47 142
 320.38 145
 321.30 148
 322.21 151
 323.13 154
 324.05 157
 324.96 160
 325.88 164
 326.79 167
 327.71 171
 328.62 175
 329.54 179
 330.45 183
 331.37 188
 332.28 193
 333.20 198
 334.11 203
 335.03 209
 335.94 216
 336.86 222
 337.79 229
 338.71 237
 339.63 245
 340.55 254
 341.47 263
 342.39 274
 343.32 285
 344.24 298
 345.16 311
 346.08 326
 347.00 343
 347.92 360
 348.84 381
 349.76 403
 350.69 435
 351.61 436
 352.53 462
 353.46 521
 354.38 562
 355.31 610
 356.23 665
 357.15 733
 358.08 817
 359.00 923
 359.92 1935
 92.93 1936
 93.86 1934
 94.79 1935
 95.72 1928
 96.65 1932
 97.58 1935
 98.51 1934
 99.43 1930
 100.34 1573
 101.26 1255
 102.17 1129
 103.09 988
 104.00 879
 104.92 792
 105.83 722
 106.75 662
 107.66 612
 108.58 570
 109.49 533
 110.42 501
 111.33 472
 112.24 447
 113.15 425
 114.06 405
 114.97 386
 115.87 369
 116.78 354
 117.69 341
 118.60 328
 119.51 316
 120.42 305
 121.34 295
 122.26 287
 123.17 278
 124.09 270
 125.01 262
 125.93 255
 126.84 249
 127.76 0
 150.43 165
 151.35 163
 152.27 162
 153.19 160
 154.11 159
 155.02 158
 155.94 157
 156.85 156
 157.76 155
 158.68 153

 159.59 153
 160.51 152
 161.42 151
 162.33 150
 163.25 149
 164.16 149
 165.08 148
 166.00 148
 166.92 147
 167.83 147
 168.75 146
 169.67 146
 170.59 0
 264.00 0
 172.43 145
 173.34 145
 174.26 145
 267.70 0
 268.62 0
 269.55 0
 270.47 0
 271.40 0
 272.32 0
 273.24 0
 274.17 0
 275.09 0
 276.02 0
 276.94 0
 277.86 0
 278.78 0
 279.70 0
 280.62 0
 281.53 0
 282.45 0
 283.37 0
 284.29 0
 285.21 0
 286.13 0
 287.03 0
 287.95 0
 288.87 0
7 99
 294.39 100
 295.31 101
 296.23 102
 297.15 7 99
 294.39 100
 295.31 101
 296.23 102
 297.15 103
 298.08 104
 299.01 105
 299.93 106
 300.86 12
 305.48 114
 306.41 115
 307.33 116
 308.26 1182
 305.48 114
 306.41 115
 307.33 116
 308.26 118
 309.17 120
 310.09 121
 311.01 123
 311.93 125

 312.85 126
 313.77 128
 314.70 131
 315.62 132
 316.54 135
 317.46 137
 318.38 139
 319.30 142
 320.21 2639
 53.31 2598
 54.23 2563
 55.15 2533
 56.07 2495
 56.98 2456
 57.90 2435
 58.82 2418
 59.75 2372
 60.67 1596
 61.58 1516
 62.50 1453
 63.42 1468
 64.34 1478
 65.25 1486
 66.17 1495
 90.35 1939
 91.27 1940
 92.20 1936
 93.12 1934
 94.04 1931
 94.97 1934
 95.91 1929
 96.84 1933
 97.77 1933
 98.70 1923
 99.64 1839
 100.57 1507
 101.50 1314
 102.43 1094
 103.37 957
 104.30 854
 105.23 773
 106.15 705
 107.06 649
 107.98 602
 108.89 559
 109.81 524
 110.72 493
 111.64 465
 112.55 441
 113.47 419
 114.38 399
 115.30 382
 116.10 365
 117.02 350
 117.94 336
 118.86 325
 119.78 313
 120.70 303
 121.63 292
 122.55 284
 123.47 275
 124.39 267

 125.31 260
 126.23 254
 127.15 247
 128.07 125
 128.99 127
 129.91 230
 130.83 225
 131.75 221
 132.67 119

 225.57 117
 134.51 204
 135.43 204
 136.35 111
 229.25 110
 230.17 108
 231.09 107
 232.02 105
 232.94 104
 233.86 103
 234.78 102
 235.70 100
 236.62 100
 237.55 0
 238.47 0
 239.38 0
 240.30 0
 241.22 0
 242.14 0
 243.05 0
 243.97 0
 244.89 0
 245.81 0
 246.72 0
 247.64 0
 248.56 0
 249.48 0
 250.41 0
 251.33 0
 252.25 0
 253.18 0
 254.10 0
 255.03 0
 255.95 0
 256.87 0
 257.80 0
 258.72 0
 259.66 0
 260.58 0
 261.50 0
 262.42 0
 263.34 0
 264.26 0
 265.19 0
 266.11 0
 267.03 0
 267.95 0
 268.87 0
 269.79 0
 270.70 0
 271.61 0
 272.53 0
 273.44 0
 296.19 102
 297.11 103
 298.02 104
 298.94 105
 299.86 106
 300.78 107
 301.70 108
 302.62 110
 303.53 111
 304.45 112
 305.38 113
 306.30 115
 307.23 116
 308.15 118
 309.08 119
 310.00 121
 310.93 123
 311.85 125
 312.78 126
 313.70 128
 314.61 130
 315.53 132
 316.44 134
 49.50 1460
 50.42 2638
 51.34 2671
 52.26 2648
 53.18 22436
 58.70 2419
 59.62 2375
 60.54 1609
 61.46 1523
 62.38 1438
 63.30 1467
  60.54 1609
 61.46 1523
 62.38 1438
 63.30 1467
 64.22 1476
 65.14 1486
 66.06 1495
 66.98 1505
 67.89 1514
 68.81 1525
 69.73 2128
 70.65 2125
 71.57 2115
 72.49 2093
 73.40 2080
 74.32 2067
 75.24 2056
 76.16 2041
 77.08 2033
 77.99 2027
 78.91 2014
 79.83 2005
 80.74 1996
 81.66 1986
 82.57 1980
 83.49 1974
 84.41 1966
 85.32 1965
 86.24 1956
 87.15 1953
 88.07 1943
 89.00 1948
 89.92 1940
 90.84 1938
 91.76 1938
 92.69 1936
 93.61 1932

 94.53 1932
 95.45 1930
 96.38 1932
 97.30 1932
 189.80 148
 190.72 148
 191.64 149
 192.56 149
 193.48 150

 194.40 151
 195.32 151
 196.24 151
 197.22 148
 198.14 149
 199.05 149
 199.97 150
 200.88 151
 201.80 152
 202.71 153
 203.63 154
 204.54 155
 205.46 156
 206.37 158
 207.29 162
 208.24 0
 209.15 182
 210.06 177
 210.97 171