191.65 1736
 192.57 1910
 193.49 1914
 194.41 1918
 195.33 1922
 196.26 1928
 197.18 1932
 198.11 1913
 199.04 1922
 199.96 1929
 200.89 1957
 201.81 1948
 202.74 1957
 203.67 1980
 204.59 968
 205.52 987
 206.43 982
 207.35 219
 300.41 211
 301.34 204
 302.26 197
 303.18 191
 304.11 185
 305.03 181
 305.94 176
 306.86 171
 307.78 167
 308.70 163
 309.62 159
 310.54 156
 311.45 152
 312.37 149
 313.29 146
 314.21 143
 315.13 140
 316.05 138
 316.97 136
 317.89 133
 318.81 131
 319.72 129
 320.64 127
 321.56 126
 322.48 124
 323.40 122
 324.32 121
 325.23 119
 326.15 118
 327.07 117
 327.99 115
 328.91 114
 329.83 113
 330.74 112
 331.66 111
 332.58 110
 333.50 109
 334.42 109
 335.34 108
 336.25 107

 337.17 106
 338.09 106
 339.00 105
 339.93 105
 340.85 104
 341.78 104
 342.70 103
 343.63 103
 344.55 0
 77.56 0
 346.40 102
 347.33 101
 348.25 0
 81.22 0
 82.14 0
 83.06 0
 83.97 0
 84.89 0

 85.81 0
 86.73 0
 87.64 0
 88.56 0
 89.49 0
 90.42 0
 91.34 0
 92.27 0
 93.20 0
 94.13 0
 95.05 0
 95.98 0
 96.91 
 103.37 0
 104.29 0
 103.37 0
 104.29 0
 105.21 0
 106.14 0
 107.06 0
 131.40 123
 132.32 124
 133.24 126
 134.16 128
 135.07 130
 135.99 132
 136.92 135
 137.84 137
 138.76 139
 139.69 142
 140.61 145
 141.54 147
 142.46 150
 143.38 153
 144.31 156
 145.23 160
 146.15 163
 147.07 167
 147.99 170

 148.91 174
 149.83 179
 150.75 183
 151.67 188
 152.59 192
 153.51 197
 154.43 203
 155.35 209
 156.27 215
 157.20 221
 158.11 229
 159.03 236
 159.94 244
 160.85 253
 161.76 262
 162.68 273
 163.59 283
 164.50 296
 165.41 309
 166.33 323
 167.24 339
 168.17 357
 169.08 376
 170.00 398
 170.91 1983
 263.88 1977
 264.80 1972
 265.72 1966
 266.64 1957
 267.57 1955
 268.48 1947
 269.39 1950
 270.31 1944
 271.22 1943
 272.13 1937
 273.04 1937
 273.95 1936
 274.86 1937
 275.78 1936
 276.69 1933
 277.60 1924
 278.51 1953
 279.42 1244
 280.34 1068
 281.25 908
 282.16 788
 283.07 692
 283.99 618
 284.90 557
 285.81 506
 286.72 464
 287.64 429
 288.55 399
 289.47 372
 290.38 348
 291.30 67
 295.87 255
 296.79 244
 297.70 235
 298.62 2267
 295.87 255
 296.79 244
 297.70 235
 298.62 226
 299.53 218
 300.44 210
 301.36 203
 302.29 196
 303.21 191
 304.13 185
 305.05 180
 305.98 175
 38.97 134
 307.82 167
 308.74 163
 309.67 159
 310.59 123
 43.57 120
 44.49 118
 45.41 116
 46.33 114
 337.11 106
 338.04 106
 338.96 105
 339.89 105
 340.81 104
 341.73 104
 342.66 103
 343.58 103
 344.49 0
 77.44 0
 78.36 0
 79.27 0
 80.19 0
 81.11 0
 82.02 0
 82.94 0
 83.85 0

 84.77 0
 85.69 0
 86.61 0
 87.53 0
 88.45 0
 89.38 0
 90.30 0
 91.22 0
 92.14 0
 93.06 0
 93.98 0
 94.90 0
 95.83 0
 96.76 0
 97.69 0
 98.62 0
 99.55 0
 100.48 0
 101.41 0
 102.34 0
 103.27 0
 104.20 0
 105.13 0
 106.05 0
 106.95 0
 107.85 0
 108.75 0
 109.65 0
 110.55 0
 111.45 0
 112.35 0
 113.25 98
 114.15 99
 115.05 100
 115.95 0
 116.86 0
 117.78 0
 118.70 0
 119.61 98
 120.53 0
 121.45 106
 122.37 108
 123.29 110
 124.21 111
 125.12 112
 126.04 113
 126.96 115
 127.87 116
 128.79 118
 129.70 120
 130.62 121
 131.54 123
 132.45 125
 133.37 127
 225.93 2492
 135.20 131
 136.12 133
 137.03 135

 229.62 2645
 230.54 2688
 231.46 2694
 232.38 2650
 233.30 2620
 234.22 1017
 235.15 993
 236.07 979
 236.99 971
 237.92 966
 238.83 965
 239.74 966
 240.65 969
 241.56 976
 242.47 987
 243.37 1004
 244.28 1035
 245.19 0
 246.10 2221
 247.01 2198
 247.92 2178
 248.83 2164
 249.75 2145
 250.66 2128
 251.58 2117
 276.22 1932
 277.13 1938
 278.05 1926
 278.96 1654
 279.88 1177
 280.79 988
 281.71 845
 282.62 738
 283.54 654
 284.46 587
 285.37 531
 286.29 485
 287.21 447
 288.12 414
 289.04 385
 289.95 359
 290.87 338
 291.79 318
 292.70 302
 293.62 286
 294.53 273
 295.45 261
 296.38 249
 297.30 239
 298.23 230
 299.15 221
 300.08 214
 301.00 206
 301.93 200
 302.85 193
 303.78 188
 304.70 182
 305.62 177
 306.54 173
 307.46 168
 308.37 164
 41.26 126
 42.18 124
 43.10 122
 44.02 119
 312.97 117
 45.86 115
 46.78 113
 47.70 112
 48.62 110
 49.54 108
 50.47 107
 51.39 105
 52.31 10490 0
 57.82 0
 58.74 0
 59.66 0
 60.58 0
 61.50 90 0
 57.82 0
 58.74 0
 59.66 0
 60.58 0
 61.50 0
 62.42 0
 63.34 0
 64.26 0
 65.18 0
 66.10 0
 67.03 0
 67.95 0
 68.86 0
 69.78 0
 70.70 0
 71.61 0
 72.53 0
 73.44 0
 74.36 0
 75.28 0
 76.19 0
 77.11 0
 78.02 0
 78.93 0
 79.85 0
 80.76 0
 81.67 0
 82.58 0
 83.50 0
 84.41 0
 85.32 0
 86.23 0
 87.15 0
 88.06 0
 89.09 0
 90.02 0
 90.96 0
 91.89 0
 92.82 0
 93.75 0
 94.69 0
 95.62 0
 96.55 0
 97.48 0
 98.42 0
 99.35 0
 123.21 110
 124.13 111
 125.05 112
 125.97 113
 126.89 115
 127.81 116
 128.73 118
 129.65 119
 130.57 121
 131.49 123
 132.41 125
 133.33 127
 134.29 128
 135.21 131
 136.13 133
 137.05 135
 137.97 137
 138.89 140
 139.80 2687
 232.53 2645
 141.64 148
 142.56 151
 235.27 990
 236.19 977
 237.11 970
 238.02 965
 238.94 964
 239.85 966
 240.77 971
 241.69 978
 242.60 990
 243.52 1009
 244.44 1044
 245.36 2230
 246.28 2219
 247.20 2194
 248.12 2176
 249.04 2160
 249.96 2145
 250.88 2121
 251.80 2113
 252.72 2096
 253.64 2083
 254.56 2070
 255.48 2060
 256.40 2044
 257.31 2036
 258.23 2024
 259.15 2020
 260.06 2006
 260.98 1996
 261.89 1990
 262.81 1983
 263.73 1977
 264.64 1972
 265.56 1966
 266.48 1955
 267.40 1953
 268.32 1949
 269.23 1948
 270.15 1945
 271.07 1941
 271.99 1941
 272.91 1939
 273.83 1935
 274.74 1937
 275.66 1936
 276.58 1935
 277.50 103
 10.15 104
 11.07 104
 11.99 105
 12.91 105
 13.83 106
 14.75 106
 15.67 107
 16.66 107
 17.58 108
 18.50 109
 19.42 109
 20.34 110
 21.26 111
 22.18 112
 23.10 112
 24.02 0
 24.94 109
 25.86 110
 26.78 111
 27.70 112
 28.61 113
 29.53 114
 30.44 115
 31.35 117
 32.27 118
 33.18 119
 34.10 121
 35.01 122
 35.92 123
 36.84 127
 37.75 133
 60.83 0
 61.75 0
 62.67 0
 63.58 0
 64.50 0
 65.42 0
 66.34 0
 67.26 0
 68.18 0
 69.09 0
 70.01 0
 70.93 0
 71.85 0
 72.77 0
 73.68 0
 74.60 0
 75.52 0
 76.43 0
 77.35 0
 78.26 0
 79.18 0
 80.10 0
 81.01 0
 81.93 0
 82.84 0
 83.76 0
 84.68 0
 85.60 0
 86.52 0
 87.44 0
 88.37 0
 89.29 0
 90.21 0
 91.13 0
 92.05 0
 92.97 0
 93.89 0
 94.82 0
 95.75 0
 96.68 0
 97.61 0
 98.54 0
 99.48 0
 100.41 0
 101.34 0
 102.27 0
 103.20 0
 104.13 0
 105.06 0
 105.97 0
 106.89 0
 107.80 0
 108.71 1938
 201.15 1924
 202.07 1950
 203.00 1959
 112.37 1995
 204.85 990
 205.77 985
 206.70 980
 207.63 976
 208.56 972
 209.48 968
 210.41 965
 211.34 961
 212.27 957
 213.19 954
 214.12 950
 215.02 947
 215.94 963
 216.85 1049

 217.77 0
 218.69 2259
 219.60 2286
 220.52 2305
 221.43 2334
 222.35 2360
 223.27 2389
 224.18 2421
 225.10 2459
 226.02 2496
 226.93 2537
 227.85 2570
 228.76 2609
 229.67 2641
 230.58 2693
 231.50 2702
 232.41 2652
 233.32 2617
 234.23 1016
 235.15 992
 236.06 980
 236.98 970
 237.89 966
 238.80 965
 239.72 966

 240.63 969
 241.54 977
 242.45 988
 243.36 1005
 268.02 1950
 268.94 1949
 269.86 1945
 270.78 1943
 271.71 1938
 272.63 1940
 273.54 1935
 274.46 1936
 275.38 1934
 276.29 1931
 277.21 1934
 278.12 1925
 279.04 1605
 279.96 1164
 280.87 975
 281.79 838

 14.63 106
 15.56 107
 16.48 107
 17.41 108
 18.33 109
 19.25 109
 20.18 110
 21.10 111
 22.02 112
 22.94 111
 23.86 114
 24.78 110
 25.70 110
 26.62 111
 27.55 112
 28.47 113
 29.39 114
 30.31 115
 31.23 117
 32.15 118
 33.07 119
 33.99 121
 34.91 122
 35.83 123
 36.75 127
 37.67 134
 38.58 135
 39.50 132
 40.42 129
 41.34 126
 42.26 124

 43.18 121
 44.11 119
 45.03 117
 45.95 115
 46.86 113
 47104
 53.29 103
 54.21 101
 55.13 100
 56.05 99
 56.97 0
 5104
 53.29 103
 54.21 101
 55.13 100
 56.05 99
 56.97 0
 57.88 0
 58.80 0
 59.72 0
 60.64 0
 61.56 0
 62.48 0
 63.39 0
 64.31 0
 65.23 0
 66.15 0
 67.07 0
 67.99 0
 68.91 0
 161.65 262
 162.56 272
 163.48 282
 164.39 295
 73.52 308
 166.23 322
 167.14 338
 168.06 355
 168.98 375
 169.89 396
 170.81 420
 171.72 447
 172.64 483
 173.56 491
 174.47 527
 175.39 601
 176.31 657
 177.23 721
 178.16 806
 179.08 908
 180.00 1044
 180.93 1224
 181.85 1436
 182.78 1764
 207.46 977
 208.38 973
 209.29 969
 210.21 965
 211.13 962
 212.04 958
 212.96 954
 213.87 951
 214.79 947
 215.70 974
 216.62 1019
 217.53 0
 218.45 2251
 219.36 2281
 220.28 2298
 221.19 2328
 222.10 2353
 223.01 2384
 223.93 2412
 224.84 2444
 225.75 2487
 226.66 2522
 227.58 2556
 228.49 2600
 229.40 2638
 230.31 2668
 231.23 2706
 232.14 2660
 233.06 2629
 233.97 1027
 234.88 998
 235.80 982
 236.71 973
 237.62 968
 238.53 964
 239.44 965
 240.35 968
 241.27 974
 242.18 983
 243.09 999
 244.00 1026
 336.61 107
 337.52 106
 338.44 106
 339.35 105
 340.26 105
 341.18 104
 342.09 104
 343.00 103
 343.91 103
 344.82 103
 345.74 102
 346.65 102
 347.56 102
 348.47 101
 349.38 101
 350.29 101

 351.21 101
 352.12 101
 353.03 101
 353.94 100
 354.86 100
 355.78 100
 356.70 100
 357.62 101
 358.54 101
 359.46 101
 0.38 101
 1.30 101
 2.22 101
 3.14 101
 4.06 102
 4.97 102
 5.90 102
 6.83 102
 7.75 103
 8.68 103
 9.61 104
 10.54 104
 11.47 104
 12.40 105
 13.32 105
 14.25 106
 15.18 107
 16.12 107
 17.03 108
 17.95 108
 18.86 109
 19.77 110
 20.69 111
 21.60 111
 22.52 111
 23.43 113
 24.28.00 98
 120.76 0
 121.66 106
 28.00 98
 120.76 0
 121.66 106
 53.98 102
 54.90 100
 55.83 99
 56.75 0
 57.67 0
 58.59 0
 59.52 0
 60.44 0
 61.36 0
 62.28 0
 63.19 0
 64.11 0
 65.03 0
 157.59 224
 158.50 232
 159.42 239
 68.70 0
 69.62 257
 162.14 266
 163.05 277
 163.96 287
 164.86 300
 165.77 314
 166.67 329
 167.58 345
 168.49 363
 169.39 383
 170.30 406
 171.21 432
 172.13 446
 173.05 473
 173.98 509
 174.90 570
 175.82 622
 176.74 681
 177.66 755
 178.58 844
 179.51 960
 180.43 1112
 181.35 1319
 182.27 1547
 183.19 1919
 184.12 1869
 185.04 1871
 185.97 1886
 186.89 1734
 187.82 1779
 188.74 1727
 189.67 1737
 190.59 1729
 191.52 1735
 192.44 1914
 193.36 1914
 194.29 1920
 195.22 1922
 196.15 1931
 197.08 1935
 198.01 1913
 198.95 1921
 199.88 1927
 200.81 1950
 201.74 1947
 202.67 1955
 203.60 1974
 204.53 254
 296.97 243
 297.89 234
 298.80 225
 299.72 217
 300.64 210
 301.55 203
 302.47 196
 303.38 190
 304.30 185
 305.22 180
 306.14 175
 307.06 170
 307.98 166
 308.91 162
 309.83 159
 310.75 155
 311.67 152
 312.59 149
 313.51 146
 314.43 143
 315.35 140
 316.27 138
 317.19 135
 318.11 133
 319.03 131
 319.96 129
 320.88 127
 321.80 126
 322.72 124
 323.64 122
 324.56 121
 325.48 119
 326.39 118
 327.31 117
 328.22 116
 352.84 101
 353.75 100
 354.67 100
 355.58 100
 356.50 100
 357.42 101
 358.33 101
 359.25 101
 0.17 101
 1.09 101
 2.02 101
 2.94 101
 3.86 102
 4.79 102
 5.71 102
 6.64 102
 7.56 103
 8.48 103
 9.41 103
 10.33 104
 11.26 104
 12.18 105
 13.11 105
 14.03 106
 14.96 107
 15.88 107
 16.81 108
 17.73 108
 18.66 109
 19.58 110
 20.51 110
 21.43 111
 22.37 111
 23.29 100
 116.22 101
 117.13 0
 118.04 0
 118.96 0
 119.87 98
 120.78 100
 121.70 105
 122.62 108
 123.53 110
 124.45 111

 125.37 112
 126.28 114
 127.20 115
 128.11 117
 129.03 118
 129.95 120
 130.86 121
 131.78 123
 132.70 125
 133.62 127
 134.54 129
 135.46 131
 136.38 133
 137.30 135
 138.21 138
 139.13 140
 140.05 143
 140.97 145
 141.89 148
 142.81 151
 143.73 154
 144.65 157
 145.57 161
 146.49 164
 147.41 168
 148.33 172
 149.24 176
 150.16 180
 151.08 184
 152.00 189
 152.92 194
 153.84 199
 154.75 205
 155.67 211
 156.58 217
 157.50 224
 158.42 231
 159.33 239
 160.25 247
 161.16 2089
 162.08 266
 163.00 276
 163.91 287
 164.83 2037
 258.02 2030
 258.94 2019
 259.87 2011

 260.79 2000
 261.72 1992
 262.65 1985
 263.57 1977
 264.50 1974
 265.43 1969
 266.35 1962
 267.28 1952
 268.20 1952
 292.14 313
 293.06 296
 293.97 282
 294.89 269
 295.81 256
 296.73 246
 297.65 236
 298.57 227
 299.48 219
 300.41 211
 301.34 204
 302.27 197
 303.20 191
 304.13 186
 305.07 181
 306.00 176
 306.93 171
 307.86 167
 308.79 163
 309.72 159
 310.64 156
 311.56 152
 312.47 149
 313.39 146
 314.31 143
 315.23 141
 316.14 138
 317.06 136
 317.98 134
 318.90 132
 319.81 130
 320.73 128
 321.65 126
 322.56 124
 323.47 123
 324.38 121
 325.29 120
 326.20 118
 327.11 117
 328.02 116
 328.93 115
 329.84 114
 330.75 113
 331.66 111
 332.59 111
 333.51 110
 334.42 109
 335.34 108
 336.25 0
 69.05 0
 69.97 0
 70.89 0
 339.91 105
 340.83 0
 73.65 0
 74.56 0
 75.48 0
 76.40 0
 77.32 0
 78.24 0
 79.16 0
 80.07 0
 80.99 0
 81.91 0
 82.83 0
 83.75 0
 84.67 0
 85.60 0
 86.52 0
 87.44 0
 88.36 0
 89.28 0
 90.20 0
 91.13 0
 92.0
 97.61 0
 98.54 0
 99.46 0
 100.39 0
 101.32 00
 97.61 0
 98.54 0
 99.46 0
 100.39 0
 101.32 0
 102.25 0
 103.18 0
 104.11 0
 105.04 0
 105.95 0
 106.87 0
 107.78 0
 108.69 0
 109.61 0
 110.52 0
 111.44 0
 112.35 0
 113.26 98
 114.18 99
 115.09 100
 138.34 138
 139.26 141
 140.17 143
 141.09 146
 142.01 149
 142.92 151
 143.84 155
 144.75 158
 145.67 161

 146.59 165
 147.50 168
 148.42 172
 149.35 176
 150.26 180
 151.18 185
 152.09 189
 153.01 194
 153.92 200
 154.84 205
 155.75 211
 156.67 218
 1562.15 266
 163.06 277
 163.97 62.15 266
 163.06 277
 163.97 288
 256.58 2040
 257.50 2034
 258.42 2021
 167.63.02 1985
 263.94 1976
 264.87 1970
 265.79 1964
 266.72 1953.02 1985
 263.94 1976
 264.87 1970
 265.79 1964
 266.72 1958
 267.64 1955
 268.57 1950
 269.49 1946
 270.41 1943
 271.32 1944
 272.24 1936
 273.15 1939
 274.07 1939
 274.98 1935

 275.90 1933
 276.81 1937
 277.73 1922
 278.64 1877
 279.56 1281
 280.47 1048
 281.38 896
 282.29 779
 283.21 685
 284.12 611
 285.03 553
 285.94 504
 286.86 462
 287.77 427
 288.68 398
 289.59 371
 290.51 348
 291.42 327
 292.34 309
 293.25 293
 294.17 279
 295.08 266
 295.99 255
 296.91 244
 297.82 234
 298.74 225
 299.65 218
 300.56 210
 301.48 203
 302.39 196
 35.49 123
 36.41 125
 37.32 123
 38.24 134
 39.16 133
 40.08 130
 41.00 127
 41.92 125
 42.84 122
 43.76 120
 44.68 118
 45.60 116
 46.52 114
 47.44 112
 48.37 110
 49.29 109
 50.21 107
 51.13 106
 52.05 104
 52.97 103