266.68 913
 267.60 998
 268.53 1099
 269.45 1229
 270.38 1393
 271.30 1611
 272.21 1821
 273.13 1934
 274.04 1934
 274.96 1928
 275.87 1928
 276.79 1928
 277.70 1927
 278.62 1929
 279.53 1931
 280.45 1936
 281.37 715
 14.19 620
 15.12 550
 16.04 491
 16.97 444
 17.89 405
 18.82 372
 19.74 345
 20.65 321
 21.57 301
 22.49 283
 23.41 267
 24.33 253
 25.25 240
 26.17 229
 27.09 219
 28.01 210
 28.93 202
 29.85 194
 30.77 187
 31.69 180
 32.61 175
 33.53 169
 34.45 164
 35.37 159
 36.29 155
 37.21 151
 38.13 147
 39.05 143
 39.97 140
 40.89 136
 41.81 133
 42.73 130
 43.65 128
 44.56 125
 45.48 123
 46.40 121
 47.32 119
 48.23 117
 49.15 115
 50.07 113
 50.99 111
 51.90 110
 52.82 108
 53.74 107
 54.66 106
 55.57 104
 56.49 103
 57.41 102
 58.33 101
 59.24 100
 60.16 0
 61.08 0
 62.00 0

 62.91 0
 63.83 0
 64.75 0
 65.67 0
 66.59 0
 67.51 155
 160.80 154
 161.71 153
 162.63 152
 163.54 151
 164.46 150
 165.38 150
 166.30 149
 167.22 149
 168.14 148
 169.06 148
 169.98 147
 170.90 147
 171.82 146
 172.74 146
 173.66 146
 174.58 146
 175.49 145
 176.41 145
 177.34 145
 178.26 145
 179.19 145
 180.11 145
 181.04 145
 181.96 145
 207.85 165
 208.78 166
 209.70 167
 210.62 169
 211.54 170
 212.46 172
 213.38 173
 214.29 175
 215.21 177
 216.13 179
 217.05 181
 217.97 183
 218.89 185
 219.80 187
 220.72 190
 221.64 192
 222.56 195
 223.48 197
 224.40 200
 225.32 202
 226.24 205
 227.16 209
 228.07 212
 228.99 215
 229.91 219
 230.83 223
 231.75 226
 232.67 230
 233.59 235
 234.51 239
 235.43 243
 236.34 248
 237.26 254
 238.18 259
 239.10 264
 240.02 270
 240.94 277
 241.85 284
 242.77 291
 243.69 298
 244.61 306
 245.54 314
 246.46 323
 339.36 838
 340.28 845
 341.20 852
 342.12 859
 343.04 866
 343.95 889
 344.87 0
 345.78 1997
 346.70 1985
 347.62 1976
 348.54 1969
 349.45 1955
 350.37 1950
 351.29 1939
 352.21 1935
 353.12 1928
 354.04 1920
 354.96 1912
 355.88 1905
 356.80 1899
 357.72 1893
 358.64 1889
 359.56 1889
 0.47 1883
 1.39 1882
 2.31 1879
 3.23 1878
 4.15 1870
 5.07 1870
 5.99 1870
 6.92 1869
 7.85 1867
 8.77 1862
 9.70 1688
 10.63 1208
 11.56 987
 12.49 817
 13.42 697
 14.34 607
 15.27 538
 16.20 481
 17.13 436
 18.05 399
 18.97 366
 19.90 340
 20.82 317
 21.74 297
 22.66 280
 23.58 265
 24.50 250
 25.43 238
 26.35 227
 27.27 217
 28.19 208
 29.11 107
 122.02 108
 122.94 109

 62.91 0
 63.83 0
 64.74 0
 65.66 0
 66.58 0
 67.50 0
 68.42 0
 69.34 0
 70.27 0
 71.19 0
 72.11 0
 73.03 0
 73.95 0
 74.87 0
 75.78 0
 76.70 0
 77.62 0
 78.54 0
 79.46 0
 80.38 0
 81.29 0
 82.21 0
 83.14 0
 177.76 145
 178.68 145
 179.61 145
 180.53 145
 181.45 145
 182.35 145
 183.27 146
 184.19 146

 185.11 146
 186.03 146
 186.95 146
 187.87 147
 188.79 147
 189.71 148
 190.63 148
 191.55 148
 192.47 149
 193.39 150
 194.31 150
 195.23 151
 196.15 152
 197.07 152
 197.99 153
 198.92 154
 199.84 155
 200.76 156
 201.68 157
 202.60 158
 203.52 159
 204.43 160
 205.34 161
 206.26 162
 207.17 163
 208.08 165
 209.00 166
 209.91 167
 210.83 169
 211.74 170
 212.65 172
 213.57 174
 214.48 83
 219.01 185
 219.92 188
 220.84 190
 221.75 1983
 219.01 185
 219.92 188
 220.84 190
 221.75 192
 222.66 195
 223.57 197
 224.49 200
 225.40 203
 318.17 2567
 319.09 2598
 320.00 2633
 320.92 2660
 321.83 2615
 322.75 2578
 323.66 2547
 324.58 2506
 325.49 2470
 326.41 2438
 327.32 2402
 328.24 2370
 329.16 942
 330.08 884
 330.99 829
 331.91 796
 332.83 800
 333.75 807
 334.66 811
 335.58 815
 336.50 820
 337.42 826
 338.33 831
 339.25 837
 8.61 1857
 9.54 1840
 10.47 1197
 11.40 1020
 12.33 840
 13.25 714
 14.18 618
 15.11 548
 16.04 489
 16.96 443
 17.89 404
 18.81 370
 19.74 344
 20.66 320
 21.59 300
 22.51 282
 23.44 267
 24.36 252
 25.29 240
 26.21 229
 27.15 219
 28.07 209
 28.99 202
 29.90 194
 30.82 187
 31.74 180
 32.66 174
 33.58 169
 34.50 164
 35.41 159
 36.33 155
 37.25 150
 38.17 146
 39.09 143
 40.01 139
 40.93 136
 41.85 133
 42.77 130

 43.70 128
 44.62 125
 45.54 123
 46.46 121
 47.38 118
 48.30 117
 49.23 115
 50.15 113
 51.08 111
 143.69 145
 144.61 147
 145.53 151
 146.45 154
 147.37 157
 148.29 146
 149.38 169
 150.48 167
 151.57 164
 152.66 162
 153.75 161
 154.85 160
 155.94 159
 157.03 157
 158.12 156
 159.22 155
 160.31 154
 161.21 153
 162.13 152
 163.04 152
 163.96 151

 164.88 150
 165.80 150
 166.71 149
 167.63 148
 168.55 148
 169.47 147
 170.38 147
 171.30 147
 172.22 146
 173.13 146
 174.05 146
 174.96 146
 175.87 145
 176.79 145
 177.70 145
 178.62 145
 179.53 145
 180.44 145
 181.36 145
 182.27 145
 183.19 145
 184.10 146
 185.02 146
 185.93 146
 186.84 146
 187.75 147
 188.67 147
 189.58 147
 190.49 148
 191.40 148
 192.32 149
 193.23 149
 221.72 192
 222.64 195
 223.55 197
 224.47 200
 225.39 203
 226.30 206
 227.22 209
 228.13 212
 229.05 216
 229.97 219
 230.88 223
 231.80 227
 232.77 231
 233.69 235
 234.61 239
 235.53 2401
 328.31 2367
 329.23 939
 330.14 882
 331.05 826
 331.98 796
 332.90 800
 333.81 807
 334.73 808
 335.65 816
 336.57 821
 337.48 826
 338.40 831
 339.32 838
 340.24 844
 341.15 851
 342.07 858
 342.98 865
 343.90 885
 344.82 0
 345.73 1997
 346.65 1987
 347.57 1981
 348.49 1965
 349.41 1958
 350.33 1945
 351.24 1938
 352.16 1932
 353.08 1926
 354.00 1921
 354.92 1913
 355.83 1904
 356.75 1899
 357.67 1895
 358.59 1890
 359.50 1887
 0.42 1884
 1.34 1882
 2.26 1879
 3.17 1875
 4.09 1872
 5.01 1869
 5.93 1870
 6.86 1867
 7.78 1867
 8.71 1858
 9.63 1961
 10.56 1189
 11.48 1005
 12.41 830
 13.33 706
 14.26 613
 15.18 544
 16.10 486
 109.08 0
 109.99 0
 110.90 0
 111.81 98
 112.73 100
 113.64 110
 114.55 98
 115.47 101
 116.38 102
 117.29 0
 118.20 103
 119.11 104
 120.02 105
 120.94 107
 121.85 108
 122.76 109
 123.67 110
 124.58 111
 125.49 112
 126.40 114
 127.32 115
 128.24 117
 129.16 118
 130.08 120
 131.00 121
 131.91 123
 132.83 125
 133.75 126
 134.67 128
 135.59 130
 136.51 132
 166.19 149
 167.10 149
 168.02 148
 168.93 148
 169.85 147
 170.76 147
 171.68 146
 172.59 146
 173.51 146
 174.42 146
 175.34 145
 176.25 145
 177.17 145
 178.09 145
 179.01 145
 179.93 145
 180.85 145
 181.77 145
 182.68 145
 183.60 146
 184.52 146
 185.44 146
 186.36 146
 187.28 147
 188.18 147
 189.10 147
 190.02 148
 190.94 148
 191.86 149
 192.78 149
 193.71 150
 194.63 150
 195.55 151
 196.47 152

 197.39 153
 198.31 153
 199.22 154
 200.14 155
 292.87 2001
 293.78 2015
 294.69 2027
 295.60 2035
 296.51 2044
 297.42 2062
 298.33 2072
 299.25 2082
 300.18 2100
 301.10 2112
 302.02 2132
 302.94 2144
 303.87 2163
 304.79 2180
 305.71 2198
 306.63 2226
 307.56 2240
 308.48 2264
 309.39 2289
 310.30 2308
 311.21 2338
 312.13 2367
 313.04 2392
 313.95 2422
 314.86 2445
 315.77 2482
 316.68 2512
 317.60 2550
 318.51 2579
 319.42 2617
 320.34 2645
 321.26 2637
 322.18 2611
 323.09 2563
 324.01 2526
 324.93 2486
 325.85 2455
 326.77 2422

 327.69 2389
 328.60 976
 329.52 918
 330.44 861

 331.35 797
 332.27 797
 333.19 803
 334.11 808
 67.15 0
 68.06 0
 68.98 0
 69.90 0
 338.71 834
 71.71 0
 72.62 0
 73.54 0
 74.46 0
 75.38 0
 76.29 0
 77.21 0
 78.13 0
 79.05 0
 79.96 0
 80.88 0
 15.39 529
 16.32 475
 17.24 432
 18.16 395
 19.08 363
 20.00 338
 20.91 0
 113.35 97
 114.26 99
 115.17 102
 116.08 107
 116.99 0
 117.90 102
 118.81 104
 119.73 105
 120.64 106
 121.56 107
 122.47 109
 123.39 110
 124.30 111
 125.22 112
 126.13 113
 127.05 115
 127.96 116
 128.87 118
 129.79 119
 130.71 121
 131.63 122
 132.55 124
 133.47 126
 134.40 128
 135.32 130
 136.24 132
 137.16 134
 138.08 136
 139.00 137
 139.6 145
 144.97 147
 145.99 150
 147.00 154
 148.016 145
 144.97 147
 145.99 150
 147.00 154
 148.01 157
 149.02 146
 150.03 169
 151.04 167
 152.91 164
 153.82 163
 154.72 161
 155.63 160
 156.54 159
 157.44 158
 158.35 156
 159.25 156
 160.16 155
 161.07 154
 161.97 153
 162.88 152
 163.79 151
 256.49 474
 257.42 476
 258.34 507
 259.26 535
 260.18 555
 261.10 603
 262.02 641
 262.93 679
 263.85 725
 264.78 778
 265.70 838
 266.63 909
 267.55 993
 268.48 1097
 269.40 1225
 270.33 1389
 271.25 1604
 272.18 1842
 273.10 1929
 274.02 1931
 274.94 1931
 275.86 1928
 276.78 1924
 277.70 1934
 278.62 1929
 279.54 1931
 280.46 1933
 281.38 1936
 282.30 1941
 283.22 1940
 284.14 1941
 285.05 1944
 285.97 1952
 286.89 1961
 287.80 1963
 288.72 1975
 289.64 1968
 290.56 1972
 291.48 1991
 321.20 2641
 322.11 2624
 323.03 2574
 323.94 2528
 324.85 2495
 325.76 2464

 326.68 2422
 327.59 2395
 328.50 0
 329.41 924
 330.33 867
 331.24 812
 332.15 796
 333.06 800
 333.98 808
 334.89 812
 335.80 817
 336.72 822
 337.64 828
 338.56 833
 339.48 839
 340.40 846
 341.31 0
 74.03 0
 343.15 867
 344.07 897
 344.99 0

 77.68 0
 78.59 0
 79.49 0
 80.40 0
 81.30 0
 82.21 0
 83.12 0
 84.02 0
 84.93 0
 85.84 0
 86.76 0
 87.67 0
 88.59 0
 89.51 0
 90.42 0
 91.34 0

 92.25 0
 93.17 0
 94.09 0
 95.00 0
 95.92 0
 96.83 0
 97.75 0
 98.67 0
 99.59 0
 100.51 0
 101.43 0
 102.34 0
 103.26 0
 104.18 0
 105.10 0
 106.02 0
 106.94 0
 107.86 0
 108.77 0
 109.68 0
 110.58 0
 111.49 98
 112.40 100
 113.31 95
 114.22 98

 115.13 101
 116.03 102
 116.94 0
 117.85 102
 118.77 104
 119.68 105
 120.60 106
 121.51 107
 122.42 108
 123.34 110
 124.25 111
 125.17 112
 126.08 113
 126.99 115
 127.91 116
 128.82 118
 129.72 119
 130.63 121
 131.55 122
 132.46 124
 133.38 205
 226.94 208
 227.86 211
 228.77 214
 137.04 218
 230.61 222
 231.53 226
 232.44 230
 233.36 234
 234.28 238
 235.20 242
 236.12 247
 172.19 146
 173.10 146
 174.02 146
 174.93 146
 175.84 145
 176.75 145
 177.67 145
 178.58 145
 271.47 1646
 272.37 1825
 273.28 1934
 274.18 1935
 275.08 1927
 275.98 1925
 276.88 1924
 277.78 1934
 278.69 1933
 279.60 1927
 280.52 1936
 281.43 1933
 282.34 1934
 283.25 1943
 284.17 1943

 285.08 1945
 285.99 1954
 286.90 1957
 287.82 1965
 288.73 1976
 289.64 1963
 290.56 1976
 291.47 1990
 292.39 2005
 293.31 2010
 294.23 2020
 295.14 2030
 296.06 2038
 296.98 2051
 297.90 2070
 298.81 2078
 299.73 2090
 300.64 2107
 301.56 2120
 302.49 2134
 303.41 2153
 304.33 2173
 305.25 2186
 306.18 2212
 307.10 2233
 308.02 2248
 308.94 2275
 309.87 2297
 310.79 2318
 311.70 2351
 312.62 125
 45.56 123
 46.48 121
 47.40 118
 48.33 117
 49.25 115
 50.17 113
 51.08 111
 52.00 110
 52.92 108
 53.85 107
 54.77 106
 55.69 104
 56.61 103
 57.53 102
 58.45 101
 59.38 100
 60.30 99
 61.22 0
 62.12 0
 63.04 0
 63.96 0
 64.89 0
 65.81 0
 66.73 0
 67.65 0
 68.57 0
 69.49 0
 70.42 0
 71.34 0
 72.26 0
 73.18 0
 74.10 0
 75.02 0
 75.94 0
 76.86 0
 77.78 0
 78.69 0
 79.61 0
 80.53 0
 81.45 0
 82.37 0
 83.29 0
 84.20 0
 85.13 0
 86.05 0
 86.98 0
 117.53 0
 118.44 103
 119.35 104
 120.26 106
 121.17 107
 122.07 108
 122.98 109
 123.89 110
 124.96 112
 125.88 113
 126.81 114
 127.73 116
 128.65 117
 129.58 119

 130.50 120
 131.43 122
 132.35 124
 133.27 126
 134.20 127
 135.12 129
 136.05 131
 136.97 133
 137.88 135
 138.80 138
 139.72 138
 140.64 144
 141.55 140
 142.47 141
 143.39 143
 144.31 146
 145.22 149
 146.14 152
 147.07 156
 148.06 159
 149.06 282
 242.53 289
 243.45 296
 244.36 303
 245.28 313
 246.20 321
 247.11 330
 248.04 341
 248.97 352
 249.90 363
 250.83 375
 251.76 389
 252.68 403
 253.61 419
 254.54 435
 255.47 453
 256.40 473
 257.33 473
 258.26 506
 259.19 534
 260.11 55
 264.75 776
 265.68 835
 266.61 906
 267.53 989

 264.75 776
 265.68 835
 266.61 906
 267.53 989

 268.46 1091
 269.38 1218
 270.30 1381
 271.21 1595
 272.13 1890
 273.05 1935
 273.97 1930
 274.88 1929
 275.80 1931
 276.72 1930
 277.64 1928
 278.55 1926
 279.47 1931
 280.38 1932
 281.30 1934
 282.21 1937
 283.13 1939
 284.05 1942
 284.96 1947

 18.11 397
 19.04 364
 287.71 1964
 288.63 1980
 21.79 296
 22.72 279
 23.64 264
 24.56 250
 25.48 237
 26.
 30.09 192
 31.02 185
 31.94 179
 32.86 173
 33.
 30.09 192
 31.02 185
 31.94 179
 32.86 173
 33.78 168
 329.29 934
 330.20 877
 63.13 0
 64.04 0
 64.96 0
 65.87 0
 66.79 0
 67.70 0
 68.62 0
 69.53 0
 70.45 0
 71.36 0
 72.27 0
 73.19 0
 74.10 0
 75.02 0
 75.93 0
 76.84 0
 77.76 0
 78.67 0
 79.54 0
 80.46 0
 81.38 0
 82.31 0
 83.23 0
 84.15 0
 85.07 0
 85.99 0
 86.91 0
 87.84 0
 88.76 0
 89.68 0
 90.59 0
 91.52 0
 92.45 0
 93.37 0
 94.30 0
 95.23 0
 96.16 0
 97.09 0
 98.02 0
 98.94 0
 99.87 0
 100.80 0
 101.72 0
 102.63 0
 103.54 0
 104.46 0
 105.37 0
 106.28 0
 107.19 0

 108.10 0
 109.01 0
 109.93 0
 110.84 0
 111.75 98
 112.67 99
 113.57 0
 114.48 97
 115.38 100
 116.28 103
 117.19 109
 118.09 99
 119.00 103
 119.90 105
 120.80 107
 121.71 108
 122.61 109
 123.53 110
 124.45 111
 125.38 112
 126.30 114
 221.01 190
 221.93 193
 222.84 195
 223.75 10
 228.36 213
 229.28 216
 230.20 220
 231.12 2240
 228.36 213
 229.28 216
 230.20 220
 231.12 224
 232.04 228
 232.97 232
 233.89 236
 234.81 240
 239.41 267
 240.33 272
 241.24 279
 242.16 286
  239.41 267
 240.33 272
 241.24 279
 242.16 286
 243.08 293
 244.00 300
 244.92 308
 245.84 318
 272.63 1927
 273.54 1932
 274.46 1931
 275.37 1930
 276.29 1928
 277.20 1927
 278.12 1926
 279.03 1928
 279.95 1931
 280.86 1933
 281.78 1935
 282.69 1938
 283.61 1943
 284.53 1944
 285.44 1953
 286.36 1951
 287.27 1959
 288.19 1970
 289.10 1964
 290.02 1969
 290.93 1986
 291.85 1990
 292.76 2002
 293.68 2014
 294.59 2023
 295.51 2030
 296.42 2043
 297.34 2058
 298.26 2073
 299.17 2081
 300.09 2093
 301.00 2111
 301.92 2122
 302.84 2144
 303.75 2157
 304.67 2173
 305.58 149
 38.45 145
 39.37 142
 40.28 138
 41.20 135
 42.12 132
 43.03 129
 43.95 127
 44.87 124
 45.79 122
 46.72 120
 47.64 118
 48.56 116
 49.48 114
 50.41 112
 51.33 111
 52.25 109
 53.17 108
 54.10 106
 55.02 105
 55.93 104
 56.85 103
 57.77 102
 58.69 101
 59.61 100
 60.53 0
 61.46 0
 62.38 0
 63.30 0
 64.22 0
 65.14 0
 66.06 0
 66.99 0
 67.91 0
 68.83 0
 69.75 0
 70.67 0
 71.59 0
 72.51 0
 73.43 0
 74.35 0
 75.27 0
 76.19 0
 77.11 0
 78.03 0
 78.95 0
 79.86 0
 80.78 0
 81.69 0
 82.61 0
 83.52 0
 84.44 0
 85.35 0
 86.27 0
 87.18 0
 88.10 0
 89.05 0
 89.98 0
 90.90 0
 91.83 0
 92.76 0
 93.68 0
 94.61 0
 95.53 0
 123.06 109
 123.98 110
 124.89 112
 29.47 119
 130.38 120
 131.29 122
 132.20 123
 1329.47 119
 130.38 120
 131.29 122
 132.20 123
 133.11 125
 134.02 127
 134.93 129
 135.84 131
 136.75 133
 137.66 135
 138.58 137
 139.49 137
 140.41 235
 234.72 240
 235.63 245
 236.55 250
 237.47 255
 238.39 260
 239.31 266
 240.23 272
 241.15 278
 242.07 285
 2407
 245.74 316
 246.66 325
 247.58 336
 248.50 346
 249.42 07
 245.74 316
 246.66 325
 247.58 336
 248.50 346
 249.42 357
 250.35 369
 251.27 381
 252.20 395
 253.12 410
 254.05 426
 254.97 443
 255.90 462
 256.82 483
 257.75 512
 258.67 513
 259.60 540
 260.52 580
 261.44 617
 262.36 654
 263.27 695
 264.19 743
 265.11 798
 266.03 860
 266.95 935
 267.87 1025
 268.78 1133
 269.70 1271
 270.62 1444
 271.54 1679
 272.45 .18 545
 16.10 487
 17.02 441
 17.94 403
 18.87 370
 19.79 .18 545
 16.10 487
 17.02 441
 17.94 403
 18.87 370
 19.79 343
 20.71 320
 21.62 300
 22.54 282
 23.46 267
 24.38 252
 25.30 240
 26.22 229
 27.13 219
 28.05 209
 28.97 201
 29.89 194
 30.81 187
 31.73 180
 32.65 174
 33.57 169
 34.48 164
 35.40 159
 36.32 155
 37.24 150
 38.15 146
 39.07 143
 67.84 0
 68.75 0
 69.67 0
 70.59 0
 71.50 0
 72.42 0
 73.34 0
 74.25 0
 75.17 0
 76.09 0
 77.01 0
 77.93 0
 78.85 0
 79.76 0
 80.68 0
 81.60 0
 82.52 0
 83.44 0
 84.36 0
 85.29 0
 86.21 0
 87.13 0
 88.05 0
 88.97 0
 89.89 0
 90.82 0
 91.74 0
 92.66 0
 93.58 0
 94.51 0
 95.44 0
 96.37 0
 97.30 0
 98.23 0
 99.16 0
 100.09 0
 101.02 0
 101.95 0
 102.88 0
 103.81 0
 104.74 0
 105.65 0
 106.57 0
 107.48 0
 108.40 0
 109.31 0
 110.23 0
 111.14 0
 112.06 0
 112.97 99
 113.89 102
 114.80 0
 115.62 100
 116.54 104
 117.47 110
 118.39 102
 119.31 172
 213.27 173
 214.18 175
 215.10 177
 123.00 109
 216.94 181
 217.86 183
 218.78 185
 219.70 187
 220.62 189
 221.53 192
 222.45 194
 223.37 197
 224.29 200
 225.21 202
 226.13 205
 227.05 208
 227.97 211
 228.89 215
 229.82 219
 230.74 222
 231.66 226
 232.58 230
 233.50 234
 234.42 239
 235.35 243
 236.27 248
 237.19 253
 238.12 258
 239.04 264
 239.96 270
 240.87 276
 241.79 283
 242.71 290
 243.63 297
 244.55 305
 245.47 314
 246.38 322
 247.30 332
 248.22 343
 249.14 354
 250.07 365
 250.99 377
 251.92 391
 279.12 1929
 280.03 1932
 280.95 1934
 281.86 1938
 282.77 1937
 283.68 1938
 284.60 1945
 285.51 1951
 286.42 1956
 287.33 1963
 288.24 1971
 289.15 1962
 290.06 1967
 290.97 1985
 291.88 1995
 292.79 2005
 293.70 2014
 294.61 2024
 295.52 2034
176
 33.34 170
 34.27 165
 35.19 160
 3176
 33.34 170
 34.27 165
 35.19 160
 36.11 156
 37.04 151
 37.96 147
 38.89 144
 39.81 140
 40.74 137
 41.66 134
 42.59 131
 43.51 128
 44.44 126

 45.36 123
 46.29 121
 47.21 119
 48.14 117
 49.07 115
 49.99 113
 50.92 112
 51.85 110
 52.77 109
 53.70 107
 54.62 106
 55.55 104
 56.48 103
 57.40 102
 58.33 101
 59.25 100
 60.17 99
 61.10 0
 62.02 0
 62.95 0
 63.87 0
 64.80 0
 65.72 0
 66.65 0
 67.57 0
 68.50 0
 69.42 0
 70.35 0
 71.27 0
 72.18 0
 73.10 0
 74.02 0
 74.94 0
 75.85 0
 76.77 0
 77.69 0
 78.61 0
 79.52 0
 80.44 0
 81.35 0
 82.28 0
 83.20 0
 84.13 0
 85.05 0
 85.98 0
 86.90 0
 87.83 0
 88.75 0
 89.68 0
 90.60 0
 91.53 0
 92.46 0
 93.39 0
 94.33 0
 95.26 0

 190.01 148
 190.94 148
 191.86 149
 192.78 149
 193.69 150
 194.62 150
 195.54 151
 196.47 152
 131.33 122
 132.25 124
 133.17 125
 134.08 127
 135.00 129
 135.92 131
 136.84 217
 230.42 221
 138.68 138
 139.59 137